1000
10008
9997
9997
9995
9992
9978
9971
9971
9962
9929
9907
9901
9892
9891
9890
9847
9844
9843
9839
9830
9818
9797
9791
9774
9757
9739
9731
9728
9727
9688
9687
9686
9661
9650
9650
9637
9626
9622
9621
9610
9608
9591
9586
9583
9580
9563
9563
9562
9553
9550
9548
9540
9533
9520
9490
9489
9485
9483
9482
9482
9475
9433
9419
9416
9412
9397
9378
9368
9356
9353
9353
9350
9309
9301
9287
9263
9253
9250
9248
9240
9239
9230
9225
9223
9211
9180
9118
9113
9107
9103
9097
9089
9072
9064
9062
9061
9058
9049
9047
9024
9022
9018
9017
9014
9013
9013
9010
8993
8993
8989
8986
8965
8947
8928
8928
8927
8917
8905
8898
8892
8884
8837
8830
8823
8823
8778
8776
8756
8743
8730
8726
8726
8719
8705
8700
8700
8699
8697
8694
8673
8668
8659
8656
8652
8649
8648
8646
8645
8631
8595
8593
8574
8573
8528
8514
8506
8489
8482
8477
8471
8439
8435
8427
8419
8409
8401
8399
8394
8376
8375
8369
8354
8350
8340
8338
8327
8306
8289
8278
8254
8248
8246
8209
8207
8204
8182
8180
8148
8140
8135
8132
8116
8109
8104
8056
8055
8049
8021
8018
8006
8004
7985
7950
7949
7935
7928
7926
7915
7910
7893
7859
7858
7848
7845
7842
7833
7830
7827
7827
7807
7789
7776
7752
7734
7713
7665
7661
7656
7655
7655
7636
7620
7616
7616
7609
7604
7580
7575
7562
7535
7523
7518
7518
7517
7509
7506
7501
7496
7487
7482
7462
7459
7458
7450
7450
7447
7446
7442
7437
7432
7388
7367
7364
7364
7359
7353
7350
7332
7324
7312
7311
7306
7279
7277
7269
7250
7238
7204
7198
7198
7188
7153
7152
7152
7151
7131
7129
7128
7127
7123
7105
7100
7098
7092
7073
7073
7056
7053
7037
7032
7027
7026
7025
7019
7009
6999
6997
6994
6987
6983
6981
6948
6933
6924
6916
6912
6912
6908
6901
6892
6890
6875
6870
6834
6817
6817
6815
6773
6769
6754
6742
6742
6736
6724
6722
6712
6684
6682
6676
6658
6658
6647
6644
6625
6625
6625
6617
6613
6601
6588
6558
6552
6548
6543
6516
6500
6494
6478
6455
6450
6447
6405
6367
6363
6353
6340
6335
6322
6321
6279
6275
6254
6253
6236
6216
6200
6188
6179
6171
6170
6124
6116
6112
6102
6092
6080
6077
6068
6066
6062
6059
6035
6029
5994
5969
5954
5945
5943
5942
5940
5930
5929
5927
5914
5903
5902
5880
5865
5827
5814
5809
5808
5800
5764
5738
5736
5730
5714
5708
5702
5679
5656
5654
5654
5652
5644
5614
5607
5604
5604
5588
5573
5561
5541
5526
5516
5513
5510
5496
5486
5478
5465
5456
5456
5444
5424
5423
5416
5412
5410
5408
5400
5396
5383
5382
5377
5373
5367
5360
5330
5328
5318
5307
5305
5303
5298
5292
5291
5281
5277
5262
5257
5236
5208
5203
5179
5157
5155
5138
5128
5125
5042
5019
4992
4982
4970
4953
4953
4947
4947
4943
4938
4900
4895
4881
4869
4851
4845
4841
4837
4831
4825
4810
4808
4804
4785
4782
4776
4773
4770
4761
4750
4731
4729
4726
4718
4698
4697
4680
4678
4659
4644
4632
4630
4612
4609
4592
4592
4590
4584
4580
4569
4568
4566
4559
4555
4554
4548
4541
4505
4500
4488
4481
4465
4464
4464
4463
4452
4439
4434
4414
4412
4403
4398
4388
4384
4382
4371
4348
4345
4337
4323
4323
4323
4314
4313
4305
4298
4298
4295
4291
4288
4287
4285
4284
4283
4279
4278
4266
4264
4260
4257
4253
4252
4249
4229
4210
4205
4200
4194
4190
4167
4152
4143
4118
4107
4096
4087
4082
4057
4052
4049
4048
4043
4023
4013
4006
4005
3943
3942
3941
3929
3879
3850
3821
3817
3775
3768
3757
3742
3715
3695
3694
3692
3674
3654
3636
3605
3591
3576
3572
3566
3563
3561
3552
3532
3532
3525
3522
3519
3488
3486
3481
3478
3459
3458
3457
3453
3413
3411
3400
3389
3360
3339
3338
3338
3337
3323
3320
3316
3307
3304
3286
3281
3278
3274
3269
3257
3253
3245
3236
3216
3214
3181
3180
3160
3158
3147
3147
3146
3129
3122
3117
3105
3066
3063
3053
3044
3027
3026
3018
3005
2989
2977
2965
2964
2943
2933
2923
2920
2918
2910
2904
2846
2843
2833
2830
2828
2822
2804
2792
2785
2770
2755
2755
2740
2724
2691
2685
2682
2671
2669
2651
2647
2608
2607
2600
2584
2578
2577
2573
2571
2568
2559
2542
2536
2532
2521
2516
2514
2494
2486
2437
2437
2425
2411
2386
2379
2375
2367
2305
2304
2304
2298
2296
2285
2280
2278
2255
2249
2243
2221
2203
2192
2191
2176
2175
2175
2160
2156
2151
2150
2149
2148
2131
2129
2127
2096
2096
2066
2031
2030
2023
2021
2008
2006
1999
1941
1920
1913
1901
1896
1894
1881
1876
1858
1857
1827
1825
1820
1818
1803
1797
1789
1787
1782
1750
1735
1731
1716
1712
1704
1692
1686
1680
1669
1654
1645
1644
1642
1623
1609
1602
1595
1595
1593
1587
1574
1556
1528
1508
1501
1492
1486
1485
1481
1464
1444
1440
1431
1419
1406
1405
1393
1383
1378
1378
1375
1368
1367
1364
1359
1348
1339
1328
1292
1287
1284
1284
1271
1261
1259
1254
1249
1247
1231
1227
1220
1207
1190
1186
1181
1167
1161
1152
1151
1151
1147
1146
1145
1143
1115
1114
1089
1079
1079
1078
1057
1056
1055
1049
1047
1030
1026
1011
995
994
993
991
961
959
952
932
924
917
877
876
870
860
850
846
828
813
811
805
804
802
792
789
769
768
757
749
729
705
704
687
684
680
676
660
657
655
655
641
635
625
609
603
593
589
578
576
575
563
563
561
548
544
543
525
506
500
495
474
462
425
404
369
369
342
341
327
317
315
306
296
276
275
255
254
248
244
237
227
226
221
215
215
210
164
158
155
154
147
146
145
132
111
100
82
78
73
70
63
48
45
25
21
2
