10000
9061
7432
3768
2305
5318
4837
3457
4761
7827
1528
9830
1030
1079
82
5303
9049
7848
8694
1375
4678
4895
8471
6321
3552
3695
5738
3278
8947
1492
7609
6275
4770
5019
4260
1292
4554
9097
4750
3532
6901
495
3339
2148
1574
7661
1669
4841
5486
4580
6216
4382
9475
8905
680
3005
2577
635
500
1501
6367
8109
7776
1115
3105
6254
6647
1876
5328
5614
5408
6447
327
2964
8595
1901
603
4481
959
306
9062
1393
8928
8514
275
9608
5736
7092
221
6236
8593
6588
4323
563
1920
1645
6817
2785
3522
6363
8399
3147
7027
8726
6112
9839
4845
932
4298
21
5478
3337
5654
4384
6068
146
8209
1782
7238
2647
8018
25
3453
6558
589
5373
8204
1623
2375
5943
2203
4992
3307
9230
7935
3636
9047
6997
4568
7562
7019
4264
876
6890
8648
1161
7037
6834
2943
4252
9482
5179
4278
7152
5954
9107
6742
8375
4947
9118
4295
7151
4087
1820
575
1999
5456
9622
3214
2
1378
210
8506
6494
7100
7131
7656
8354
8182
576
2584
1858
9995
1079
9010
5927
4403
5730
4279
9350
4825
2792
6478
3129
4612
1271
9368
45
870
2559
4287
2249
7009
2770
8743
8327
4118
593
6658
2278
5410
3459
8376
5382
8778
7364
5526
3158
7311
4023
2486
6353
6815
3181
9482
5644
4452
3044
9929
9563
9844
4194
6029
1047
1181
8989
3591
9540
9583
227
6035
4970
7926
4388
4569
6682
5969
73
4057
3257
4096
6543
9610
5128
3942
3286
749
8394
548
655
2151
369
9089
8180
5656
4488
1364
9248
4005
924
3692
4257
111
1595
8645
4680
2494
4592
8993
6552
2066
3066
7312
1654
2411
1231
9180
3160
9626
9728
8056
5994
4314
1339
4152
9971
5827
5516
3413
4049
657
7105
8306
768
8700
1146
9688
5412
9978
8659
1941
2021
5942
9253
7915
2571
462
7073
9971
4305
995
8004
276
9550
3561
8668
3715
3605
8401
7128
7655
9058
4210
155
4043
7127
5541
7949
2516
5496
802
8697
1735
961
7928
9650
3532
2607
917
3481
6912
1913
5702
1405
1440
9263
4291
5155
2846
2669
6500
4718
5945
687
9113
4205
2031
4632
2131
4548
4345
2933
7462
6080
8135
5367
5708
1644
2191
6625
5125
3320
2755
805
4726
8435
4285
9017
7807
1348
5903
4284
6066
1825
9211
9397
248
1220
4006
2379
10008
2568
9553
7447
8649
7665
7032
8574
9309
9223
9416
8652
2521
2149
3674
1464
561
2176
4698
8369
3525
578
6870
9591
6644
6059
8965
6892
7279
7188
3488
1481
9757
3018
8928
2600
4900
154
1151
8427
9378
544
7056
6116
6933
4947
7580
1712
7123
2255
4298
625
7073
1145
4434
3694
7204
7616
563
8700
4782
4052
158
8756
1287
3304
5573
6188
3458
6724
4592
7053
1485
5865
3146
8419
789
4943
4348
2129
7198
8646
2755
4249
9791
1406
2160
1190
9022
2724
9890
8021
993
4266
6754
2280
1787
2304
2685
9485
3245
7277
6516
4731
7359
3879
7367
8148
8823
1692
255
215
315
7250
4464
4323
8656
6625
5513
7655
3566
9621
5654
4559
8104
6625
1056
9891
3147
3742
9353
609
5236
63
9580
2573
3943
6924
4938
6983
2833
9433
7198
7388
877
5880
5929
9533
6722
1419
1383
4505
5257
1254
3281
3338
2096
4337
7446
9483
2296
994
70
1750
1057
9650
4323
9240
769
3478
6200
7842
7129
7616
5208
8006
7713
1114
7517
4412
6773
3117
8917
2008
4371
2175
9586
684
729
1227
145
3026
2221
215
4776
7518
4082
3316
6736
4851
1011
7153
2671
8140
8986
2096
6124
6676
7450
7858
5305
4200
952
8439
425
9563
4831
4229
4464
5561
5456
4609
2804
1894
9064
1797
9412
7364
9353
342
2192
341
7496
9103
8482
676
5416
8823
7353
2843
6658
6875
1261
1827
5292
1686
5607
100
132
48
9901
5588
8898
2682
7482
2156
8719
1089
9520
8049
1431
5930
2608
8927
9250
5307
3821
4644
4107
1151
1704
4982
2243
2965
1026
7535
8892
850
7636
9024
5138
1731
8830
4013
4414
506
6170
7350
1595
9907
5377
3027
5814
7985
6171
5042
7509
9992
9686
1593
5360
1367
792
7604
8573
1818
9356
7442
6908
1186
660
2023
2918
9490
254
7332
9997
641
4659
5809
525
4253
3053
6340
6455
9225
1359
3941
3411
5262
9774
2989
846
543
4810
9419
6601
4143
1055
3486
5330
1716
5510
8248
5423
5764
9797
9637
6405
8673
5424
1147
2904
8477
7487
3576
1896
3063
7518
9548
2542
1486
2514
3389
2030
7324
7025
8631
1444
2298
6335
991
8254
6062
9239
3654
1803
9013
3269
2425
1881
2910
3572
4785
5604
5277
2578
7501
8340
4313
7026
860
5800
3757
8489
7830
5298
9731
655
6742
2006
1207
7734
237
7269
1167
8132
9072
4398
1378
5714
6279
4288
9287
5281
9892
4541
7859
1587
7098
2150
2830
2175
7950
804
4881
9997
6102
4590
4869
2822
813
6077
4773
5291
3323
5940
3400
6613
4555
9018
2304
811
7523
5808
6092
1609
4566
3929
7437
1642
296
244
3817
8246
1049
8699
2437
1368
7506
7306
4190
2536
3360
3180
7827
6684
3338
5444
3274
7893
4439
9818
8705
6179
5604
9014
7789
147
2920
5203
1789
3216
9687
9847
5679
4953
2740
8116
6322
4463
5400
4729
6999
2977
2127
4804
9661
5465
4465
7152
7575
3122
6948
474
9301
6769
9489
1284
6916
2386
704
2923
9843
369
6987
9739
9562
9727
7833
78
4167
7450
4808
1143
404
1152
164
4283
6617
4630
5652
8409
7752
6817
8884
1247
3563
8350
2532
4697
4953
3236
7620
9013
7845
4584
8730
1602
8528
757
1680
6912
8207
705
8055
2828
1857
2437
1328
2691
1284
6981
1078
3253
3775
9962
4500
1556
8289
1249
6253
7459
8726
3850
6450
6548
2651
5157
2367
5396
5914
4048
2285
8338
8993
317
5383
828
6994
6712
3519
8278
7910
8837
1508
5902
8776
226
7458
1259
1475
3688
8719
178
1755
9386
944
8646
4520
3311
4019
4651
1576
6304
7206
547
839
6806
5615
7833
3495
9134
306
5622
2166
6054
1502
919
6280
8960
6419
1973
6866
9355
2151
8621
8718
3095
1462
3215
624
5481
2083
2200
1763
9289
2747
6842
289
2579
4652
3785
5931
9198
3624
8097
5230
5126
3233
5727
8304
9652
7700
5147
8984
4069
7985
7679
1381
9447
5111
2005
9146
7194
4206
5126
677
1170
1945
967
3750
814
8992
9681
10013
6833
1972
9460
1937
5205
5164
4458
4835
7082
9605
8036
1128
1784
5693
2509
5449
5021
8755
4572
6433
2938
3915
1327
8348
5860
6534
6315
6674
9743
190
6664
6554
2162
318
8491
1585
5483
2926
6420
6782
6748
8673
7910
2749
8583
4636
8198
3582
3368
6987
10015
523
879
5559
3089
956
2071
9404
7631
1791
3812
8512
8345
191
8831
1030
1776
8531
3956
2413
5290
4921
1064
7417
7671
9647
6270
63
7446
9639
1268
1655
4379
6387
7215
7468
7344
9286
1067
9192
5294
4879
7681
3617
9310
706
4647
1064
9237
2821
7717
8744
7742
2998
355
5390
2623
6626
9694
4286
459
939
5942
4838
7326
3134
2284
4647
6637
3351
3816
1908
2447
5715
9765
1734
6421
4390
7038
9876
1428
4733
2814
9170
1948
3170
8778
4571
4013
8449
3075
4472
3605
9017
3527
908
6368
5811
9796
7222
3379
7829
9130
5826
7761
3090
1778
8400
1697
8816
8253
3125
7766
1044
2272
9715
8454
5267
8503
6684
7933
1555
1133
1515
4789
4661
6664
1134
4689
6437
8356
8069
8483
1681
8112
439
9011
9890
8839
685
2901
7069
3810
644
2330
299
4576
5002
5567
7297
1663
3477
8852
7037
4993
7859
5915
5874
3210
581
6528
5784
2867
4988
7465
957
5427
670
824
4243
1355
3725
5529
5165
8610
2077
9704
3163
7079
5248
437
8742
2943
3507
9996
2153
1343
5888
8027
8793
6470
4532
4554
3554
3737
6236
4511
3382
6906
5336
7625
8261
3278
7372
7643
1865
9449
7325
9269
6505
6790
3923
9464
9733
1647
9438
6103
7230
9543
4107
6001
5990
2856
532
3762
6594
6769
8273
9976
3652
7826
1795
6131
1082
3384
3751
7187
2810
5293
650
3532
2061
4574
2974
6011
6221
6629
2092
3429
6149
416
9430
6357
7513
9962
96
4084
925
8369
8277
4578
390
4289
686
1472
7674
8677
2876
461
8188
3527
3994
226
8101
1185
454
8539
7814
6786
1945
8180
1420
5592
4514
8933
9772
4610
7234
674
7197
5488
5252
7587
9777
155
3276
7428
3050
6152
7890
1215
3896
6101
5681
6214
7286
6135
4731
9317
7139
893
7474
8559
703
6206
1686
452
793
8920
1126
2207
4385
596
4011
8379
4991
1504
2
8041
1874
2109
9256
5770
8210
4914
1962
9713
5267
910
9007
6623
1803
675
9399
2506
6881
1062
7198
1892
9982
8325
8339
8584
3138
2328
1157
8129
3832
1159
6148
5706
3268
9621
5694
5695
4513
7656
5385
3997
8566
8609
597
4586
9285
9996
1310
6143
1035
8508
2252
5234
1027
569
8035
4165
2897
3409
6512
946
4569
2637
870
2054
2235
6564
7750
965
8437
3112
4962
1197
5939
5559
5783
5201
9772
1310
5561
5024
4036
2031
235
5063
2600
2487
3446
9737
5897
9958
660
4683
2572
5770
954
9047
2311
8704
4230
4965
6034
9192
6162
1950
8969
6163
1368
2935
7473
1146
7960
1486
3177
8195
767
5777
4900
4213
9731
5014
8388
4609
3914
5177
356
4868
4201
6908
3550
8431
1850
3801
1818
8013
9991
5004
4153
1336
7939
5843
6722
5876
7330
9900
8289
2314
9894
7406
744
9603
2397
9132
4189
6311
4286
8785
5396
2704
5670
3163
1113
7521
6964
7171
5511
6932
6392
9664
2485
4308
5484
3425
4402
7031
7542
6908
3562
7413
4291
4306
1210
6688
3415
9639
7216
7701
8402
6829
383
4049
9993
5736
1547
6934
7124
1275
8084
3493
5156
4786
2018
4858
2428
6420
1866
9970
3305
9669
1578
1813
3952
2788
2718
1585
6645
9934
3503
5024
6741
8126
3290
928
3839
9078
2079
5180
330
140
2890
5487
9167
4909
322
1572
5546
6428
5760
3069
291
7338
4882
4244
4343
7601
46
965
1729
3549
206
2687
1653
3497
3615
9732
6792
5695
9130
1339
52
1997
6826
3436
6906
1365
5009
2430
2011
746
9739
6542
2301
4598
5003
6644
6416
5049
7610
8146
8599
7816
5050
4469
5530
8666
4178
2299
8578
3285
3639
8630
9523
4682
2044
6406
265
1270
3053
6516
6256
2769
3035
8557
1585
8039
5178
8001
7305
7005
341
5881
9039
5392
4567
4546
8275
2963
1063
6830
465
8942
9677
9988
7841
5938
6372
8106
1425
3642
8839
7681
629
6092
432
6454
8348
9851
8672
5630
6833
9014
5729
5849
8623
273
4613
6875
3236
5676
7922
3702
4595
1793
3667
2413
7732
4256
4737
9157
2116
7793
1033
2745
3862
1465
3416
2187
5533
2065
7818
2344
5296
7764
2410
3896
8037
7023
4988
1251
6916
7127
9193
1488
8921
2837
8142
6630
1311
7096
10004
3427
4866
1014
389
2946
6720
3805
9373
2230
5870
7168
8814
1144
9149
5442
9280
7164
2442
4246
2632
9359
1350
1802
5064
4488
8879
7423
1095
167
4496
5317
7834
3580
6331
8223
6526
7268
6245
5876
3716
2093
7262
6747
7477
6388
2166
951
7769
4609
9437
378
8185
5005
2180
3226
9493
1037
4867
4806
5444
9363
100
3256
7160
648
1456
7903
7917
7702
3757
5850
4012
5236
2574
5706
5841
8981
6657
3588
7807
289
3966
5969
5294
364
3412
4764
1401
2496
9570
6845
1837
9670
78
3214
296
5775
1095
2430
7694
9092
2497
1683
4305
9311
1606
4363
8269
2480
7951
6053
2769
6135
6239
8063
6499
3869
2805
7900
6365
6592
8962
2419
6240
3258
5634
753
9033
946
7423
6704
15
9920
2604
4320
9208
8450
8683
1672
907
829
1942
3677
6964
2399
1717
3440
485
8762
5557
1067
5332
4496
3487
5789
1971
3338
6542
981
8524
3942
1902
8539
8079
8746
7076
7264
7173
9976
3153
8081
782
5096
5975
1963
7495
7692
5403
7980
6432
5177
9047
5981
9674
6751
1747
5862
4306
8289
6844
2807
6448
2963
1323
4504
5927
2616
5985
3077
2570
9139
5375
3352
8452
1327
5316
5924
3237
4936
8121
3886
91
7145
9867
3982
8114
1591
9844
6637
4097
882
9445
522
3846
4985
9266
3990
7602
5228
7067
149
8584
6660
7741
7013
2204
3034
7154
5441
2188
5252
9327
2279
6615
9171
478
8946
4979
4539
5560
9076
5422
4982
9598
3485
4185
3058
7475
1764
2504
8759
6153
1065
9636
3871
2296
1818
1123
3667
1476
3311
8920
781
9830
9752
4169
285
8675
3366
4824
8452
2419
4463
3412
6235
7948
1814
9293
9640
3578
1774
2594
9731
7080
2207
3579
3593
4025
4702
7260
5502
2230
6157
500
2037
103
8909
6562
2995
2252
5604
1425
8912
44
9077
5124
2210
868
8634
6067
4446
386
8661
8394
1683
846
6190
5276
9111
870
2513
8830
7340
2888
9330
9378
2991
2434
5917
204
4686
1498
1629
7815
5783
683
2916
2210
1551
1528
8277
214
6154
6916
8608
2054
1979
4775
7330
1067
9885
4060
9898
7203
6948
3422
775
4157
5856
6692
8601
4760
2408
207
2552
2408
5130
9709
4618
6681
5454
7112
1112
5825
4005
9720
7879
5984
8712
5186
1269
2792
3463
5384
9995
4629
8806
747
3003
8880
1656
1581
3617
8304
1788
386
4929
6918
4312
9547
7816
9766
6637
8928
5568
4859
2842
7664
5061
5771
7067
547
8563
508
5931
2752
5137
4714
7739
8140
3571
9396
9721
1405
1894
5726
6032
6824
6861
321
565
4654
4305
1419
7799
4090
6279
618
1732
5557
6389
3016
6104
9170
3524
2012
1899
2878
943
9639
5235
8755
3229
9173
137
9363
4876
386
6164
1714
4948
947
585
3470
2366
8384
7560
2862
3219
3509
8419
9609
6526
8740
2973
4267
729
4872
7146
5913
8728
6598
4645
6174
5749
9022
5515
4842
9409
5896
774
4334
6843
1359
7804
3427
3961
9581
6289
7180
3068
8926
983
3811
1860
3956
2295
6830
3046
9441
2720
1751
234
7365
7926
5983
6364
7658
5042
5750
3531
5816
4301
4592
1393
6322
8019
5354
5881
8525
6751
3166
1645
7735
1194
3506
5908
3489
313
8954
7148
3033
683
7382
375
2826
7582
956
461
2601
6707
8232
8418
5225
2801
4028
1525
5037
3599
1623
3540
327
4789
9425
2279
200
2908
8188
3689
7461
7119
814
471
2019
2413
5086
9085
9995
6043
3763
2574
6967
1973
5209
6409
4774
3454
7934
9812
7053
3774
7569
1597
2780
6971
3877
2980
9880
6282
887
1535
7618
1701
2007
3855
8355
1310
2917
8327
1570
6681
5118
2754
8654
4544
9164
7645
2215
1292
1651
9268
5067
9220
5083
2064
386
8960
5045
4483
9459
5932
6018
7054
1850
8025
5126
182
3553
8044
2727
9363
8942
2062
2095
1790
824
5476
9435
3039
6768
5304
2285
6052
4501
1585
8117
4887
522
7379
9370
4198
3288
5366
5469
9378
7608
573
3778
5378
8617
6505
4719
1753
2784
1031
3543
3608
6507
7195
6648
7492
2476
3150
7762
1195
4735
73
299
9497
7452
3887
7912
4957
9253
3358
8552
1055
3931
2307
651
6765
3029
5370
8518
5814
6401
6278
9422
7125
3451
264
4594
144
7654
2333
1339
6606
6646
1639
297
4075
9766
8209
3249
3213
1545
1779
4268
5476
8326
9159
2219
1333
4506
4954
7147
5124
1210
763
6466
8901
5268
1038
9045
2899
7611
4602
9506
4235
458
4020
2527
201
2207
10017
3414
3752
6013
1899
3445
4316
1036
5664
5649
9782
4836
7013
9124
6046
7777
5567
4924
3022
822
8186
138
2651
7005
3861
1103
7463
7882
7870
7664
66
7864
5295
8058
8094
7195
1480
2388
2448
7145
2254
2207
1958
9268
5548
2221
1239
1093
1362
4261
6155
3765
8639
8806
748
2478
9909
8211
4577
7757
70
4643
9838
9605
2678
7910
6777
4158
4515
3442
5520
6769
9890
1695
6014
5415
8156
1470
725
9518
5731
6881
7501
8588
5664
8249
5283
9791
6437
9860
1742
724
8720
1557
307
1375
9467
1301
9773
8199
4744
9511
4946
4611
5423
5177
3
7797
6648
729
1509
6596
1827
9010
5161
7491
7236
421
1476
7891
4498
3218
8615
3195
4776
8922
8810
8460
4441
8561
6637
9185
2266
5800
3773
1906
954
8016
9703
7602
2962
1190
8416
4789
177
7794
6498
7414
8216
7974
9522
2691
1170
8114
104
163
1231
8914
2840
5672
1669
3694
4834
3935
9494
2824
5842
4666
5057
9762
6485
8020
929
4878
2786
5347
2650
3501
2738
5083
1453
2237
1991
6863
4568
2095
1243
5799
987
8323
5688
2656
1995
4739
809
5706
7563
868
349
6838
607
6835
4835
1537
1690
1838
1101
8580
5340
8079
3640
1010
4533
5632
2090
9101
1944
7573
9118
2931
5873
4783
9828
7868
3740
614
3552
5520
1482
8141
2335
2089
4953
7170
7866
861
9009
8967
9441
8566
7023
7299
3793
1533
7148
5883
4852
9092
7673
3947
2001
3523
2947
1806
5609
6687
2420
3378
2185
8142
1496
4520
208
6450
5908
2292
1528
9134
1236
946
7677
2477
2462
1447
8250
9610
1547
3079
8680
9220
7026
4898
6960
4191
921
2546
855
3341
5924
7280
5700
1638
1778
5908
8088
7686
2417
3833
6797
7894
9019
8691
348
1459
4355
8598
1046
119
1655
3943
3556
2898
8841
493
7089
9762
3040
2162
7320
3181
9442
2997
4819
1197
3123
7124
3100
5540
934
4114
7651
4171
7022
7999
5630
5594
792
6676
5713
6687
4837
9269
9585
3655
3980
869
3395
1237
3031
692
4418
6690
7930
3455
2105
1030
4796
5205
787
9971
3537
8439
4119
536
632
9749
348
1424
619
6061
2328
5456
9548
6131
9112
3505
7000
6724
4742
4248
1633
3377
915
3780
1049
3020
9050
5846
2443
9838
5794
5980
2471
9913
733
7343
3856
5321
2985
4475
1360
5313
4149
5125
1421
7478
2847
2638
4179
7589
1103
29
5183
2019
3810
6233
9279
2837
2056
1699
6892
2067
1896
3580
1957
6870
901
5813
2168
3886
4505
7768
9199
2871
2870
4838
326
5717
1693
8745
7523
2797
2992
2684
4816
6802
3134
4072
3856
9430
10012
726
1474
6125
4306
3431
2972
5207
3461
9381
3310
2183
7126
6727
5055
4214
1542
9621
4148
3235
2561
1649
6032
5553
8573
5065
2332
5924
3355
6188
5331
7584
1131
6805
3686
5438
213
876
4862
7914
234
8173
4314
1577
9117
3586
5791
636
3185
9940
8111
5746
5806
8361
1276
4356
7643
7848
257
975
4013
5588
2776
9385
6610
6463
4800
6823
1556
3879
8954
1790
6269
3245
7607
5363
6832
3376
216
4234
7533
2545
4197
3316
883
5473
1889
8526
3298
6386
3719
1528
1951
6495
890
8561
7175
9930
9601
8731
8027
2749
4738
8513
211
2323
3854
1260
9939
8310
5494
7449
832
9691
4982
1715
9381
6871
4459
6896
3234
2395
2642
9425
3107
7772
2180
260
1897
5998
3208
9924
2964
2164
8414
3175
8727
6485
4436
2860
4773
4147
286
5605
8056
9508
1538
7414
6356
5997
8528
3807
8392
1147
7449
5716
8919
9629
5976
5033
9844
3402
4934
2785
9806
7566
177
2727
8268
4613
5587
3018
2978
5873
2841
1011
5358
4379
2642
5931
4593
1147
3955
7202
6534
1381
2895
9671
5227
3089
4681
5048
6491
9616
2050
491
1376
2227
3218
9644
1058
8805
6880
4036
8895
9721
5047
8470
4077
7689
8618
8670
3054
2550
5849
9588
3931
8744
9236
3375
6050
3895
2640
6758
7728
4690
7249
9104
1134
4684
2942
2192
3466
9822
445
6578
9520
5492
5025
7814
7399
3620
678
430
387
744
4235
8558
9489
3449
1910
9756
1561
8790
6492
9289
3457
3718
2587
8832
8403
5529
5241
6086
9569
5687
2642
9066
1156
1884
1075
2772
5505
1753
3202
109
2498
7438
8668
6204
5104
4795
5937
6665
3563
2406
148
1237
342
2735
46
8745
2481
5288
9048
2027
952
1667
5311
6348
3552
6386
9121
3274
8139
6540
3383
4854
8195
6268
1035
7516
1041
1190
4158
4604
3596
4306
5841
3938
1258
5888
6900
3740
5393
5926
5767
562
1810
1055
6910
5362
1658
225
2853
4015
6766
454
8869
9178
6722
4122
6672
7763
5312
5047
2344
8908
3571
2403
7064
4829
2508
8181
8569
7901
4084
8554
8463
112
3826
9590
9714
5485
9816
2545
9500
776
2999
2563
4171
3938
6685
820
5919
1974
85
2480
5100
3656
4883
6381
8485
7391
4539
1249
9509
2841
9803
7949
2953
7846
1734
2644
3308
5767
9429
7025
760
6645
3806
4931
561
468
9992
6480
6683
54
3177
6000
3710
8061
6598
2172
5429
5354
7661
9156
8195
7441
1299
5365
5265
3033
2227
2790
8800
1633
4033
9560
2496
7839
8709
3057
2524
8678
3754
3424
2949
6931
3641
6659
9209
216
3048
8856
9811
687
7989
2200
2345
9288
7566
1827
6539
4010
8858
5316
5643
2868
9094
8139
4924
1997
5413
1665
652
3384
9330
7841
4533
7188
4477
7959
1622
1742
6792
1410
6669
8998
3610
9015
8264
5393
5059
4780
9403
3894
4313
9264
979
7624
1597
5903
9621
1228
1786
4490
4612
5333
2308
3362
2498
1002
5539
4120
2745
2308
5530
9414
1284
9141
2623
3765
8751
7683
2762
8132
1554
1292
7373
2534
8917
8970
2654
2732
175
8680
7223
9028
3990
3748
6607
6489
4751
2123
4826
1713
8672
334
5344
4173
3692
7968
7938
2420
9868
4917
4769
1399
6209
2119
8173
9343
1067
5045
2053
5482
3702
9276
4487
1910
7241
5312
2616
1969
7435
7442
3682
6084
1993
9027
234
5685
1189
2389
2323
1034
7306
7092
6673
7733
9212
4824
7053
4496
4086
9106
4195
2005
2576
2900
3915
9818
8212
6531
6004
9864
8191
3904
5926
161
7148
377
64
8337
7007
2387
3588
4290
9479
238
6240
2885
9302
3271
1598
3365
6594
11
5371
3388
2911
3503
3183
5340
4252
3404
5181
2420
7308
5324
2581
4433
9942
2645
6987
6926
9272
552
5433
2946
5031
1651
5831
4310
4922
1647
1893
5733
1658
1481
9121
8809
9224
6521
4126
3453
9926
9307
5873
1428
8849
2672
5862
8768
9557
7066
5671
3024
1836
1081
5970
6867
2732
6018
5394
1871
1882
1504
7605
3540
2985
920
2326
6427
7442
669
9880
7345
9977
9971
8773
8803
6860
8852
7548
611
5896
7436
3635
7732
8517
9605
8816
1227
9841
4187
7338
1700
9932
4920
9481
7134
5841
6024
3538
7500
6694
3396
4822
865
7584
7812
3885
4421
859
5650
5032
972
3063
8668
2921
1557
2467
1714
7024
2285
118
4340
3986
27
3477
3444
1379
3535
9468
4917
1012
356
8313
5834
1221
5874
7864
5106
4512
2940
733
9545
3912
3796
2407
6833
9594
4874
2764
6595
1377
7122
5152
5363
1367
8630
3024
2746
2142
6709
7663
3155
7066
171
3206
8287
262
5287
7611
4775
8227
8344
8537
2116
6358
921
3166
5929
5795
147
6741
7172
1487
1871
6752
2854
478
3993
9840
6860
680
1697
10015
1963
1868
7439
4467
6371
2703
2055
1123
908
4617
3877
7264
5192
4798
4648
1098
4810
9035
2056
6200
499
3927
2929
7593
8645
1140
1627
9723
6060
3325
9715
8023
9433
1348
6707
5781
4052
2980
1121
9200
1814
4998
658
7006
4013
5306
2321
8824
8559
4377
5001
3275
2522
2147
846
5384
7527
6713
5084
3564
15
9017
5804
9449
342
6729
9447
8634
9709
546
7811
1500
9784
8470
8506
3775
7993
804
6816
6529
9421
1794
9805
1920
8181
4868
1522
5686
1558
6606
3467
1574
9840
3489
5240
160
195
4664
3011
9904
9450
800
5621
9212
9270
4104
7204
7240
9148
3997
3747
8546
8
7769
4684
2406
2614
6206
2309
4172
7029
5777
9986
1064
3483
5203
5464
3678
4085
8475
3559
3512
9275
3397
6941
2739
7501
4122
9980
843
2336
7944
3606
2344
9930
8290
8991
2521
8713
1277
910
9960
1271
874
1001
4754
294
682
2649
4379
9157
425
2109
8410
3822
9050
1126
5540
7390
5323
6383
9726
7484
9990
6288
7391
2474
9496
4129
5405
750
5040
9582
6262
131
4800
5233
425
5482
7883
9045
4616
8308
1131
7243
2108
4398
2587
7648
1765
2127
8249
5709
9612
8216
6214
1197
4907
5687
5327
289
6437
344
4088
6916
475
8888
2127
5140
4347
4227
8402
3181
2512
3750
401
8860
8149
7228
6486
4131
9356
8952
4057
3162
1362
248
4359
6269
5935
9686
776
6590
7
4864
3483
4722
3730
9850
4080
8077
4054
2459
1235
6567
427
5877
9644
8576
3082
324
6924
6655
9276
959
9817
615
5447
4154
6885
1360
3817
1878
7950
8065
6742
5650
7004
449
5478
5301
2744
9532
7761
8219
293
8188
4073
9938
958
1373
239
2099
8028
9516
7298
7823
108
2723
6194
1210
8323
10011
3088
6250
2270
9831
1877
3492
4497
1572
8793
1458
1082
748
9678
5615
8936
7968
5530
4111
3558
10010
428
5804
9503
7726
3604
3828
4666
4015
9279
2966
8243
2344
9216
491
6392
5311
8223
5107
6883
6993
6565
2182
7742
437
7798
872
2623
7545
9224
398
7532
9652
6202
1229
1572
4023
9298
6239
8038
8554
9205
6259
875
2616
967
1485
2144
9190
6592
3244
6160
7374
5427
8119
2029
7442
8992
4652
4964
2410
5050
6714
2039
5470
7943
7851
9493
7218
4067
7509
5749
7490
3745
842
83
4712
2327
6467
8119
3136
9711
4256
487
9355
6593
2516
6774
9802
1385
5956
2189
653
2647
8468
6123
4807
6296
9833
2003
341
7319
1969
2048
5281
7051
6371
4210
3595
2815
2306
6731
2503
780
1436
1836
7373
8192
2827
7152
3795
8783
9341
4448
1407
7786
4788
432
8299
4598
2435
2857
6135
8644
4905
1393
9913
1253
5604
3485
8308
2127
4434
5029
2907
87
1082
257
2496
3909
1626
6291
6910
944
4956
2534
2947
9744
2966
5464
8560
9641
8321
4672
8263
3204
282
8153
8697
103
5855
1200
2231
266
6229
9378
4593
7311
3853
7090
5437
5479
3358
2324
641
2532
4859
7828
6493
7825
3269
5030
7444
1568
3919
9924
9012
4202
2271
1903
4305
2343
3103
6536
6850
3549
5892
1420
5077
3962
8510
492
9441
6086
7056
59
8618
6132
2105
9328
3935
5374
4336
5596
1159
2472
9737
148
6674
6225
6292
957
8568
9395
1710
5395
7162
1819
6816
2216
5781
9543
6948
9440
5606
3982
3716
8441
91
5821
1964
8266
1173
517
8079
6572
2989
7793
938
9664
3995
7230
4838
6781
819
765
2153
7981
2585
3186
175
2583
2707
7123
2000
2530
5322
5717
5189
5414
1515
7153
7897
6928
7670
5954
7718
636
3724
8656
4517
1937
5863
9355
8718
6682
4338
5088
8881
6923
8275
3273
9506
959
4613
5724
3489
9936
1418
8678
9567
7173
25
7441
8319
7695
7612
6014
2549
5554
8887
7066
7491
4727
616
403
5626
4954
5491
8724
6094
3743
1974
9817
8942
6588
9758
2409
6501
1153
5304
262
2544
9570
1920
5080
7242
9533
5311
4008
5064
4175
5292
6772
3119
5908
7175
8745
5079
6883
7447
5390
604
3638
9424
9546
203
9160
6172
921
4530
5694
1183
7074
5241
7344
6371
6700
6854
1659
686
1895
51
5978
8667
3170
6103
36
1893
5399
6919
3557
5006
1740
7195
4407
5504
1616
3544
5893
6777
8075
1564
2178
9366
1022
9522
5715
1940
6353
1591
2626
2465
1643
2821
5349
9053
3141
5385
923
2757
6521
8720
7763
8262
110
2147
3743
5966
9932
3853
2720
7984
9658
4898
1544
657
8637
1476
2597
9207
3068
9463
1649
8951
6501
6998
7981
9642
6600
3122
2376
3099
6059
4356
5578
386
6504
3538
6352
6413
7391
3290
8614
7026
2405
135
1901
1020
1612
8738
204
8920
2396
1854
2065
8897
3069
4263
2734
3887
7385
9350
6986
7662
3684
6781
8048
4405
296
4378
5035
1904
7668
3626
8931
50
8001
5049
5310
3830
3764
5515
6967
377
1586
3249
9275
8895
7513
6226
2759
9115
5553
9745
6754
9237
6503
4780
7859
1016
3375
2871
2921
5260
714
6069
9550
2933
1095
4838
6763
9099
4570
7948
9477
6156
1174
2946
5028
2904
9172
2005
1997
4702
1727
2968
8157
2448
1965
5993
7704
5340
8865
602
4817
9579
888
4345
2489
6223
3400
3470
5300
2187
5635
8994
2560
1026
1917
7588
3931
1066
3810
145
10008
5538
3113
8142
2203
5079
4113
4124
4636
2955
8967
9454
6751
9855
8016
3458
6056
5633
1145
5573
7820
997
4544
357
2023
6461
2162
171
1744
5973
316
1729
5728
3430
9872
2148
8509
8202
6272
3122
5374
5216
6793
2102
9289
4786
9800
5322
4636
5162
872
2433
6159
9656
2790
8183
6094
4953
8354
2055
5143
8671
3784
848
6318
3633
2996
9044
1812
9268
6383
1403
8702
3154
3506
7968
2157
7523
3267
6794
2663
8379
9227
8822
8012
6235
1199
8323
5405
9554
355
525
2419
8379
1373
2954
6230
8609
1975
2259
2071
8358
3663
750
5729
7169
8718
7887
8909
6202
8898
1549
8798
8102
349
1004
8554
5788
9327
3936
5319
3899
4461
1955
2256
51
4909
8486
8660
6884
4962
709
9460
8625
1459
5166
10011
4395
3030
8898
4814
1905
424
3590
4225
5013
4594
2756
779
8139
910
315
2015
5371
6511
8511
9663
1397
1191
8300
2499
6154
3226
1936
4756
8926
7102
4745
3298
4350
3620
8112
472
8284
5919
8937
7515
491
5911
2511
8630
6821
2826
4862
6409
9337
7591
6049
4952
8782
8567
7451
9153
1770
3604
3887
673
4923
2849
8211
9273
686
518
3963
8970
6437
2877
679
1145
3005
3190
3992
9826
6017
8855
6213
9571
640
6479
4500
9422
5023
6168
2770
1011
9772
874
5924
4673
3723
8353
8163
4409
8871
2103
7596
9525
9221
2493
648
2203
5683
4640
2007
1677
7712
2437
5466
8352
8916
9966
1969
8157
329
4739
9168
78
5613
5069
4751
3553
3399
2892
2179
6487
9235
3992
5990
8433
6485
855
4854
2146
9735
6861
8063
1642
3515
3506
9994
6648
7690
6180
4782
8019
896
3927
2314
726
3214
1283
4279
830
8415
6458
7318
7627
428
7525
255
6913
2597
5109
9059
2309
6187
1317
3951
9702
4823
8163
544
6730
4320
5327
8966
9457
3471
1258
160
902
2541
4440
1733
933
5115
3268
2777
9783
770
7272
6674
7607
2358
9950
9916
2762
1244
8085
6681
285
6225
7226
1232
4762
2530
176
4196
218
5674
8597
1121
8215
7254
2854
3365
2346
339
359
2107
1109
7632
2998
2933
4207
7165
2826
6970
8410
5128
7868
2912
5570
5071
4144
4550
1818
8560
8746
2037
4211
1537
7398
6643
8791
229
4225
5355
568
4585
1679
5917
6434
4677
8850
4858
1819
5893
6045
4446
5239
3891
1575
786
3179
5720
9576
4998
4257
8300
1252
2686
4054
8650
9329
2823
3096
3532
2395
7904
2334
4074
8038
2985
2968
1082
7843
9027
1192
3866
3451
6431
7757
9266
1435
5153
4963
988
128
3438
3505
5620
6124
7560
8487
9670
4600
1560
3179
1212
3681
9753
5286
1696
2715
2471
2778
536
1475
3971
8642
9166
379
593
8410
6054
5746
7590
7043
92
5245
4765
5712
1346
2302
8417
5234
1119
9977
2630
2331
7876
2361
1834
9572
9316
4305
2328
4069
10021
516
2688
3381
5135
7521
1768
1167
3245
3576
2427
3337
8821
7192
3266
4385
3712
1660
9619
9071
5855
6466
1380
3708
8827
3214
3257
8121
1737
9825
6407
1735
4558
9096
9356
9694
6594
5342
5078
4056
8918
7505
7393
1933
8914
4877
535
6843
6537
4371
5892
2369
815
1489
294
9642
8943
3552
1957
657
7594
8365
6632
2130
1655
5966
6041
2466
1285
1096
6523
4420
2818
8133
6353
5949
7227
6889
2770
3742
1237
2879
328
2052
4368
623
5912
7528
8415
2086
2403
203
4668
9035
6573
6323
9218
2591
3007
4720
3687
9530
3357
6505
1857
3928
6672
9085
5034
3659
7044
488
6538
1589
2541
5123
6452
2670
2628
9084
8996
5031
9288
3642
8284
5838
9965
1696
8430
7189
634
6334
913
3991
7057
2771
2136
3706
6073
7170
7365
3094
7659
3880
8923
4417
3220
5353
7087
65
4414
6060
5097
3679
9702
7598
3735
3862
3511
6382
5268
4145
2693
6182
2354
9750
3170
4490
7673
9243
1638
5015
6554
3514
3112
5454
7931
6332
784
4995
615
9439
5272
9952
7335
9192
7527
1047
7271
5255
7429
2516
9401
4340
2915
5972
8307
6085
4679
5958
5305
534
950
6076
4048
8303
5748
1956
8852
6532
1168
9467
165
658
9396
7501
9850
1117
8548
1315
6373
172
8071
9991
4512
964
5940
2796
7049
596
8754
6572
5371
3922
2625
9419
2202
8373
1353
5271
9123
2521
4716
9288
3179
4089
983
7246
9447
9532
2778
5797
3921
827
5765
8433
6031
5922
5446
3057
735
8418
3846
6106
6557
689
5503
2976
3279
1073
8247
6619
3594
2940
5885
991
1247
6868
2454
671
594
5233
685
4515
277
667
7165
6308
6589
6829
3582
7324
5224
1646
7648
1758
2335
7368
8974
5614
8441
7198
2211
6252
4356
2313
1460
9843
3398
3915
4731
8233
3365
5416
6965
7882
6083
4108
8407
6889
914
6206
8430
355
7852
6055
6353
164
3400
5304
10019
6058
6719
6447
2288
1052
2977
3748
872
592
1880
9843
8825
5245
5236
5768
3104
5536
4093
5728
2402
9247
1912
5050
9602
9764
1082
5932
4146
8723
5453
8382
4758
2149
4806
1263
7442
2000
5012
2531
2592
6892
2352
1395
6355
1805
1380
3676
1559
9713
9405
8201
8937
1294
3228
2733
1035
8551
2882
5181
7251
8335
3540
6226
4701
2563
7490
2120
4563
2479
4652
1373
3588
1221
2768
9943
3026
8388
3597
4585
8078
7219
2764
1209
8513
5992
3942
9548
8760
6824
8947
5988
5136
6704
6432
4054
3485
3899
6175
2265
595
804
3638
8423
2025
623
8344
9291
9011
6158
3854
1283
3354
835
2492
6084
1044
651
9849
9805
7475
8773
10010
6828
9695
6419
860
3157
295
1252
9662
5130
2056
3278
3531
8321
3901
6092
1806
7130
6467
9900
8413
4038
712
5123
99
5997
10014
4165
10019
7467
2916
10006
8512
6828
6403
3589
4202
915
4841
3841
263
1114
7119
8034
3652
998
4103
5459
2345
4787
5336
4975
8825
266
4315
3141
6263
4307
7306
6259
5991
4439
459
4480
5484
6862
8070
9686
1995
2888
3505
6498
8243
4841
4509
1872
56
8612
7331
2401
7616
2645
7377
635
7151
1669
8016
3391
5976
9539
3867
1944
3956
4326
642
9440
5406
2929
3321
1618
34
1043
8116
8277
5884
2602
127
5941
5431
7458
2559
3024
4320
4153
7899
1448
5823
5892
9079
6016
5408
2923
2178
3581
1467
7060
2999
1090
9989
537
2708
0
1580
5041
8278
7464
1860
8405
7622
7291
57
159
4532
4378
8552
2408
5826
4352
2517
4883
4586
7925
2023
981
1484
7730
8041
8723
8820
2224
9260
5745
2224
5057
763
4719
2498
2623
7341
4338
4131
7399
8737
2880
1754
7266
9528
1797
5836
2022
897
4639
4165
7161
5620
5649
4868
7878
8589
7906
79
7826
3628
6543
2860
4392
5480
9598
1232
2798
8153
9604
174
6867
2461
6168
8351
1967
2183
4164
8229
3080
8803
2371
4458
8640
2237
9327
712
803
7210
5031
2846
5055
5791
9946
9447
1248
9522
4897
4047
7652
4478
8461
8737
1156
4607
7065
7363
6790
5446
9810
4087
8466
2158
8546
7083
4396
2067
7795
9439
3494
7043
2263
8549
2811
2186
2191
4060
5925
1305
2324
7795
0
762
6509
1156
5369
7791
2737
6376
3214
2524
4681
1657
8922
7444
2957
3295
9511
4969
6952
2982
1989
9215
5748
4800
1378
7939
3077
1521
3461
5401
9316
3461
6164
5802
4618
5750
3570
1572
6344
1001
4096
1002
2658
2995
8446
9855
508
2151
4801
7460
9373
1007
869
5098
5807
6487
7255
3102
8008
693
8503
7301
4155
4644
7320
2990
4612
5107
4562
933
6108
2875
1935
2983
87
4598
2815
4835
6749
1833
6512
6099
2840
7381
1174
2865
8086
2646
5967
6071
3340
4447
7590
1712
3309
4887
8942
7921
9995
3481
8854
6080
573
5006
3281
660
9604
6096
5496
6330
2147
1985
2406
4987
3584
7820
2069
1647
444
8036
7718
8024
6701
5285
9736
10010
4390
2872
7908
4362
570
956
4659
1143
5962
7940
6043
5543
8254
1516
6090
378
7742
8496
9605
5543
510
1652
7190
954
9688
9125
3195
6366
8628
7148
570
2995
10020
2695
1574
567
3651
6233
1710
3830
4151
1971
3590
6622
7727
9680
7000
5446
2370
799
966
2881
2451
2373
8075
6357
1476
5488
6940
81
2613
7511
7316
2611
4423
8890
7418
8075
5100
3346
6122
3468
5317
3930
67
3021
3587
1284
2685
175
2084
7891
7296
8775
242
9588
5109
1718
5053
2027
6039
7667
3755
3332
4495
2395
2199
1890
4687
7299
9476
787
4985
4770
4717
5052
2009
2521
554
4694
2696
2638
2562
4209
1390
2804
3775
717
8762
8828
6984
4778
689
4956
2327
5184
7351
4526
1292
2016
6043
745
2803
1005
9756
1737
274
1742
4258
5068
653
1172
7706
3215
5381
3314
237
9156
4031
3216
2179
5232
2212
2868
165
4539
2270
7516
3283
7802
9532
9326
2764
6552
4548
2497
8289
9062
8479
6765
4108
9132
7937
6031
6565
7535
9345
6802
886
7593
10018
3065
2802
2207
150
2967
964
2420
4701
4247
199
4210
3550
7204
4980
2315
9701
3246
5594
2375
4228
9702
1484
2142
9951
8049
9678
3490
9068
541
1061
9064
7846
8103
5488
7996
5288
6452
394
9989
676
4833
8416
8466
6254
3373
4998
5933
837
4810
8308
5065
8729
4009
7208
8657
6276
1080
2125
5321
5861
7426
4362
3684
5506
4068
5897
771
4737
508
737
9654
9582
9154
2314
5813
2504
1530
1723
7581
6340
4248
2624
5046
2475
4049
3681
8751
5129
5806
4049
5207
3209
2629
3108
2932
914
9005
3704
5651
9514
8681
5282
9073
7812
1814
4863
4534
3344
804
2092
9684
9292
8956
4707
1744
2982
2605
4712
8111
2628
8762
7535
54
5608
620
2987
6522
9626
6691
6390
9117
9589
5890
8167
7379
7704
7247
6130
1025
8051
2439
4926
1538
1373
3850
3282
4355
6456
2212
6684
9084
951
4196
9139
776
4817
6343
1515
4420
7251
7905
7754
6817
3772
115
8413
5693
7362
4520
6718
9631
1177
5861
1146
2550
9712
8668
1122
6145
857
7806
9446
6048
6220
2779
6824
5254
9122
8339
3891
6350
439
1622
3145
4211
5977
1535
4122
3316
273
5057
7164
1450
896
8310
8240
585
1173
9362
947
2030
1363
370
8079
7583
7390
9120
2814
6489
1654
922
7057
2093
2544
4419
521
2738
171
4643
6054
444
9701
7436
6134
574
9963
4351
5399
1113
7931
6346
3144
9294
933
5440
1071
8323
4537
8125
9030
408
9047
6064
2501
5808
460
3023
8546
631
1883
8817
5316
1561
6230
1427
6375
388
10019
1751
1501
7927
2314
8885
1415
3248
8542
6726
5788
7297
4828
4795
7705
8092
5076
184
3877
9776
7447
6640
385
9330
5434
9941
869
5882
5585
7244
6270
9821
3213
1988
1942
5527
851
3357
2992
3610
60
8781
884
9128
7793
8590
7197
2847
2991
5291
2600
415
1908
7225
9745
7343
1360
4831
7442
6946
6293
3689
961
9506
5677
2904
5010
745
478
8003
4356
539
6761
9480
3884
8771
8047
1059
5835
5255
567
2653
5670
2476
9878
9633
4036
5456
8681
1455
6619
4951
9384
7580
4434
5038
461
9445
1
940
7425
8597
5719
8403
8054
9603
1368
296
4879
7204
5551
9687
9857
5439
2140
3929
9289
6176
9385
7947
1848
5981
2876
1209
7779
7310
6247
8240
949
465
3397
2591
9062
3333
5211
1311
7154
6580
1607
2010
3761
1375
1674
3595
1031
8054
1741
297
8447
1104
8245
272
1302
5338
1481
9081
2625
1946
1516
7815
6651
9153
383
5691
2464
5595
1219
9618
2152
2826
5845
130
8441
1737
7965
9473
9791
9706
3987
8216
5027
2209
2705
6330
1764
8427
9628
4390
350
5361
6422
7001
4492
6805
6909
6956
6617
8128
6551
8769
5171
2373
3116
7830
4110
1058
7280
8119
742
1244
529
10009
7694
3234
6316
9458
1638
139
8065
6228
5500
4464
7447
4209
5487
4333
1142
2081
6679
1910
5068
6067
8524
8184
3874
6851
9243
1131
4947
4202
6616
5476
4188
8527
2928
4722
2179
8806
4861
222
5012
4578
8926
2436
8788
4390
986
4147
689
1882
6058
5757
7950
4559
3918
1801
1387
7378
7173
552
1557
8006
245
9986
6510
7413
4685
8689
6197
3763
3128
5426
2558
2032
2079
1323
639
7305
9711
1328
9188
9986
1302
7115
4522
9461
3133
126
6816
283
4918
8374
8289
9404
8337
9016
6794
7239
7683
2968
979
5028
2611
3537
1277
4690
9101
1917
1973
3006
7485
1138
2969
3005
2470
1708
2443
5603
6074
9259
104
970
1827
2610
351
4381
1604
1362
1597
3504
4331
6816
8532
1159
4571
9810
5850
7889
5944
7823
872
7646
3178
8081
628
9888
9789
3071
5468
57
6548
9812
1027
8375
2400
5618
6974
4004
6981
8571
7508
5529
9605
234
6688
8393
21
6755
6259
182
8795
1348
7829
6190
3646
8457
6055
3412
5746
5741
3469
2271
5530
8737
4863
2147
8572
1814
6151
9770
4603
7876
9516
4185
8111
399
6795
2349
7154
7271
2532
144
8619
4578
6334
6482
3012
2367
9894
2975
8108
7580
9486
7855
511
4327
10003
9084
6141
348
3048
4961
8225
2542
3363
530
2941
135
7119
4312
7406
3868
4456
219
8446
768
6701
5676
3135
789
8651
5460
2587
8115
7532
3098
6659
7512
6399
7017
2078
9448
1956
280
6207
5319
5050
9148
9695
2146
3437
7078
6015
2111
1515
4438
2879
8216
4331
231
3223
2960
9931
5810
5292
7440
3125
1928
9170
9525
8945
5465
3167
878
5745
9374
415
5012
2716
87
1375
370
1382
1607
2481
2897
263
9600
5331
4594
4048
8554
7554
3956
8581
2823
5614
1683
8991
9001
5425
7914
4443
2809
8792
4405
6400
9207
3634
9116
3511
5009
3704
4894
6617
6185
7791
1097
10003
7339
5691
4028
5870
7463
2202
8668
4503
7816
4569
3472
1011
9994
1363
5454
7021
4372
4076
3398
7797
7710
6732
1285
2696
413
396
3530
815
8188
4627
795
5504
296
9064
5592
1976
1243
8477
6479
3276
3023
9951
4287
7235
5531
9741
4233
9904
3794
1848
7678
1481
8580
3180
8417
8993
3577
1925
9809
5982
769
4821
5703
5305
3862
5512
7281
9345
3967
3738
2598
1207
7906
6885
8442
3415
820
6892
3296
8854
8741
5191
4552
1515
2588
2947
486
6165
9112
4512
6364
9881
3550
2045
5164
1630
1774
6662
952
5741
377
3551
6949
8284
413
9608
1676
1234
695
9212
4305
9436
4380
8858
928
1185
1782
5654
1568
871
4383
7932
4969
2151
4194
4350
3781
5969
990
8973
5927
5607
2501
7093
3868
7155
6679
9784
2606
7374
8973
6911
1004
7570
5746
6172
2973
7528
6044
4541
2616
4644
2450
1803
6795
862
370
4793
1048
1360
3744
6975
1185
6245
4046
5053
7617
4942
9055
200
6533
2222
7112
1754
4010
7075
2143
6983
8821
8187
1501
5654
7049
8191
7457
8061
3270
7828
2832
4318
3405
6576
1271
4590
7038
9557
3861
8873
8716
7133
9073
9466
9355
379
5437
7582
7455
7580
8782
470
9985
4500
6124
7011
2669
7799
9289
156
9844
2098
4475
3226
2891
9986
2034
4147
9520
112
2997
2430
7245
6287
1873
794
6667
7310
8377
8339
9107
7136
8809
9069
1614
9150
274
8523
6926
9564
8679
6747
5879
7371
9974
8771
7334
6225
7135
6831
6337
109
3478
7799
6396
5351
8593
7280
6878
1164
9836
5963
8301
2839
9249
4132
1967
9524
6872
8893
3282
5528
9858
9161
7117
4026
7909
4428
228
5021
5477
782
9370
8955
8581
9984
8524
1368
1458
5379
2533
1272
5559
5051
8351
9026
9183
295
8527
6032
3406
6026
5777
3241
5164
2871
7267
7291
7300
1712
6529
6994
2494
5877
5926
5292
55
8667
6660
1513
8264
9193
2785
3800
4221
1114
2803
3381
5649
5547
3630
3272
1550
3625
6513
932
713
7997
8223
2230
9709
4729
9224
6420
4823
5128
1689
4878
3772
8350
6392
2013
7520
3394
31
5959
8748
7074
3557
8615
6839
7188
1864
2606
5030
8378
3538
5743
569
5978
7974
4496
685
7175
893
9748
6520
6823
4604
4510
5150
973
6523
6887
8607
771
2823
7333
2063
598
5925
8902
7786
7789
1485
7033
361
9264
2753
5171
5219
704
9667
121
7880
4777
9870
4377
1577
8691
8887
6727
3881
9628
7832
2465
4616
4872
4015
6679
5470
4157
5558
7473
6164
1261
4483
6525
502
7237
5913
9961
2158
5557
60
15
312
4147
8633
1889
7055
1714
2834
913
5559
4883
3378
153
9755
1611
6832
9443
5768
6608
6893
1909
2086
5594
2652
2588
7048
8565
6766
9206
4100
1043
9222
8652
9430
2049
4758
6462
3763
7592
7375
3540
2452
4971
3693
6425
6582
4742
5845
6567
5567
2715
8477
7653
2526
5346
4458
9574
3888
5442
8758
2205
6485
2174
5074
5893
4223
9833
2332
2203
7402
3925
5743
4072
3113
3653
474
9695
2613
6319
456
2397
3251
3150
28
5778
8496
8726
9569
2362
4145
8304
8807
4848
455
3859
718
8918
3669
7290
1099
5288
5432
1059
9360
8545
8953
4051
2434
5783
347
2891
8180
7839
6041
2425
7834
4515
1129
7380
1094
9514
5662
4118
4339
334
7977
9297
9253
5863
782
4569
1129
6214
9868
4706
4737
8798
8758
1388
8798
9105
4279
6956
1138
4538
9381
8972
3270
4727
6330
4364
4219
6209
8482
2775
6543
654
2050
5773
6517
7072
319
7646
3263
165
2330
2217
3180
5305
7846
1956
4387
2102
3129
9766
857
2487
8715
4127
1432
9262
8491
9891
5448
1168
6883
1969
6062
3150
1959
2556
199
6519
4420
7703
6684
967
9920
4081
6272
1960
254
4876
4063
3383
4619
4920
88
7552
3265
1520
6791
1733
5628
2217
7141
2488
8426
3180
5639
362
9977
5838
6881
4374
3518
7782
9581
7656
6081
5830
9616
6335
4923
7896
9719
9543
7034
4024
1289
276
9784
8080
6249
5389
4514
7608
2094
2917
5005
7733
3280
4959
7789
4378
3550
5524
2138
3108
7397
8219
3155
1208
8771
8079
3321
2684
1816
332
6708
3105
4848
6469
5402
5315
6075
9917
7140
2387
2811
2122
97
308
7082
2103
4687
4849
1845
1042
7958
9242
3478
5330
4667
6466
3386
7989
9151
9442
2538
53
6764
1604
740
2144
6919
6815
2038
4036
9202
9089
375
3517
3615
7457
9860
8302
2284
1682
3561
4459
5142
1256
9789
9809
7722
7393
7775
6850
1029
291
6904
7794
1895
7644
4155
3031
8676
410
1284
2073
9499
1659
9830
7331
3334
9667
5610
9858
1327
3388
8534
6469
4644
8300
6255
2344
9910
8248
9194
917
2756
292
2928
8891
2153
7083
1899
807
7493
7423
7120
1186
9082
6927
8518
6633
6571
8345
6468
2115
1711
9219
2801
572
7497
3274
2916
1601
1499
6328
6758
8495
837
9686
7363
2991
6746
3479
8038
8456
879
5135
3860
4178
6279
6595
5029
7067
9157
5714
9183
5085
4911
1961
5658
6625
9475
2791
8226
5191
9119
4962
3663
4174
4625
1003
7165
5589
4482
9420
8262
9601
4532
6339
7997
788
2911
3003
7855
6286
2934
1232
1348
7845
7434
7006
4447
6886
4015
2651
2055
7351
1830
5718
1502
6455
939
8667
6261
9661
2281
8741
3457
6813
5057
5671
1818
2186
2891
3891
8472
5825
9363
9820
3648
6774
1021
8095
7878
9276
4963
4150
6604
6793
4085
8107
7466
9264
968
7944
8903
3250
6662
6577
4280
1697
2225
316
3883
5116
4207
6572
918
7787
586
4566
8779
1607
6879
6634
860
1819
5001
1682
2830
9086
9789
4513
2545
4974
2434
1425
8224
9097
8002
6722
771
204
7038
8894
5320
5462
9683
455
3226
246
5022
1982
6094
6118
2833
1171
2154
2051
2853
4984
5355
6859
9497
7900
1811
1909
3542
4252
5223
1521
951
211
5965
7989
9105
5502
7668
2982
5957
872
3228
5196
7094
3539
1291
4145
4711
3446
413
1781
8430
5768
8641
2122
3645
4669
8271
7187
8921
3471
2925
9873
3682
3107
2056
7004
8609
9725
9986
4544
4814
7431
3957
6125
948
5249
4487
9899
8695
4901
1657
1319
646
4515
7681
8532
9184
5929
9936
8083
9400
7079
2150
3059
163
8446
4280
8773
2365
4243
7534
7179
1652
1468
7522
6840
934
1986
6716
3846
6887
8373
9406
1751
2866
7064
4500
6267
7211
4413
4327
805
1469
694
3865
5873
9141
2362
4623
1483
6606
6374
2880
2475
2059
379
9315
2994
6605
6008
1057
7710
8598
440
3678
5681
1722
8178
1926
8933
6808
470
9738
2495
1165
7820
8368
4523
160
7208
223
983
3559
3103
3458
9858
7722
6990
2829
4305
2975
8127
6232
5790
8567
9910
1449
266
8065
7615
3416
9090
2302
3132
1562
3467
5169
4147
2207
5329
1332
2431
6312
9131
9774
3987
8967
7474
954
6013
5996
8169
4117
2205
3937
2662
6332
9626
7168
4374
1435
562
7681
3737
7934
9244
1422
3080
3368
3629
2627
4701
277
3156
8049
29
7144
6993
1720
2315
2984
7716
462
1318
4138
8639
8220
447
2459
5366
9061
3894
145
6719
7631
8079
157
3270
5376
3526
1117
8003
2444
1394
1137
4710
5663
2498
1681
7383
4813
8905
9316
5275
200
7671
8131
8421
2335
567
8004
5613
4461
8149
2310
6310
422
6707
3797
5798
210
4914
3779
6894
526
9156
1582
6189
1631
7503
7790
6444
602
1300
5937
802
3189
8285
3440
5524
8853
5661
1115
7531
3787
7665
8058
8449
4349
1833
4225
8800
6747
2221
9911
1490
1354
5710
1897
2985
7430
9687
3646
8032
5204
3800
3052
8393
2063
6492
8135
893
2131
3467
2641
135
1109
677
8585
9698
2510
2787
8475
3474
9248
2581
4965
579
8291
1079
7804
5699
743
5667
3708
164
9468
977
2775
5748
7470
5127
858
3818
8594
3499
3953
3920
8416
6755
3595
903
3759
6288
8618
2984
8869
7800
3563
1354
8879
5584
1270
3839
1229
9219
8243
4914
173
995
639
7643
6122
1497
5678
4693
9236
9632
2830
7630
581
6426
2750
4341
2691
1345
7325
5777
3362
5106
1348
2218
667
2619
274
6136
1815
8518
1027
1988
9513
1666
3849
9853
7403
9527
8763
834
3353
1571
8464
3935
7997
1191
8276
4905
6777
9818
4899
116
4901
6247
6575
5569
8866
6849
1682
4898
5344
2710
1104
9075
8616
4953
8905
214
8697
7645
1048
6268
3433
3729
4420
5647
9160
2673
4769
5914
6708
9668
248
1587
110
6823
7156
8976
7889
3055
8092
7451
10005
9196
6503
2816
4126
9625
3030
7040
1464
8318
3285
4898
2024
7705
522
1161
4595
5292
1293
1281
4937
1541
2868
9287
2581
4241
2458
4687
7296
527
2115
1496
9723
2835
4312
8066
2437
7342
9323
3902
9877
2586
8800
1878
4508
3539
7279
9104
8831
8572
4602
7986
4330
1687
7250
1128
5928
9708
5816
7441
4452
2148
8937
4152
4984
3226
6435
7421
4785
5736
5540
4639
8322
4317
6517
7047
7857
8014
6128
882
6563
4947
8868
5111
6634
313
6239
6779
4238
6272
4198
8691
8421
7352
7060
3382
556
3473
5020
9581
9209
538
4198
1725
9095
4932
8772
1146
2923
9118
2029
3704
4042
5114
3032
4894
9667
3488
1650
3883
9761
65
2551
8159
7418
9611
5758
2191
7301
755
1749
6487
5533
164
2429
4606
5097
5419
5752
2237
4514
7781
158
2773
7113
7430
7667
6757
896
3535
617
634
3600
7408
3010
995
6997
8768
3186
4275
3740
9176
4980
9274
9340
7409
3857
8654
7045
9609
5109
1536
1585
9507
8550
8698
6915
411
5432
7811
3946
6050
2662
7547
7675
5672
2759
4649
4417
163
3142
8157
9339
2339
1625
8656
3965
5482
1505
988
9309
6614
6764
871
6098
5291
9569
2990
9943
9218
5018
3866
9485
7680
5630
7138
3329
2607
6004
1963
2770
9146
4338
2086
5702
5963
4959
9668
5663
681
633
4949
7295
7397
5820
7611
6906
9606
578
6826
3018
9837
4909
2481
7494
4757
3836
5041
7364
9840
7004
111
3181
5559
6437
8883
5740
5613
2745
1380
6295
3378
6329
7807
4993
6366
5395
1876
166
191
2919
3184
5
7828
9905
1716
6802
7958
6757
4143
1993
7979
8494
5174
3515
9148
8274
9255
4739
997
612
5251
4375
1158
7275
3585
7524
2648
9701
1907
7079
2597
9332
1301
4643
3431
3017
1422
1367
9775
5566
3360
7731
8277
2751
1223
7403
1002
4696
6359
6239
5308
5827
4832
684
3079
8417
8208
9967
8096
4333
1240
670
3642
2541
9553
1290
5559
953
6897
5311
736
234
7259
9013
7225
8482
610
8228
7395
1186
4444
2681
7013
3493
3365
4310
1888
5790
4254
9984
4340
9735
4871
2199
2253
8642
3490
7812
9595
364
7340
4548
4839
4576
7778
2041
7276
8389
4486
4648
9575
3148
7329
783
6641
4911
5093
8529
4919
3564
2707
9259
3276
1796
1436
5530
415
4926
7559
4227
9530
4877
2992
4346
9453
747
6388
6706
3353
5091
1332
7146
8239
2878
7929
4858
2007
2999
7604
6926
780
289
6162
8297
6325
7598
3804
957
6741
5580
5184
6249
434
8176
4812
4105
3140
5417
788
6494
486
6360
3617
8725
9239
1523
7800
5463
8762
5382
2366
3759
9911
8528
2033
6213
321
54
7170
1279
5635
6571
1745
6069
8964
775
4391
2081
6192
5180
8575
6678
5757
2169
9621
9213
7932
7398
4653
888
6997
7019
4648
1102
9765
6681
7315
4303
6736
8702
5582
2348
9490
1545
2634
8431
2320
7026
4730
8512
6423
3282
9408
2157
9692
3223
5588
1818
4838
218
2707
1813
7238
7355
2915
1197
4013
4448
5500
4966
7367
5299
1531
1052
6844
4166
3700
3381
5409
8430
6111
1809
5930
5496
8206
9839
8719
3771
1634
3534
8230
8581
9587
9685
130
6720
859
8384
5385
576
3327
2729
5875
4859
3781
6937
3242
1699
4535
8651
106
623
4677
6036
6119
7100
69
9055
849
1704
6807
3296
4502
6371
2958
4633
3068
3817
2994
8453
4393
6321
5400
4485
5397
3398
5639
8639
5097
152
1484
9444
775
6161
9697
1112
3239
9767
144
8328
5688
1168
1601
167
7540
8799
4800
4825
2593
7794
7496
1203
8333
7113
5688
3707
4728
1305
2324
4043
5697
3808
3464
6472
4187
3138
1801
1643
2882
6186
4188
8570
7354
6
2955
9111
8805
7755
3914
1375
9767
5627
6818
8077
6957
2483
6001
1662
8028
2542
5705
3702
6351
3386
4392
4755
6525
6193
6398
3624
2356
4803
6412
3928
4809
9367
3016
3591
1316
1147
9206
1060
6774
6001
3354
7948
2701
9356
3828
4947
6115
9533
8649
2443
2897
7258
1415
3639
7669
2030
7263
4242
6833
3652
8170
1619
7236
1164
9450
8553
2311
8633
3830
3303
8851
1402
1228
1530
735
9296
6477
1067
8807
9343
3511
5921
796
9166
9560
8465
1174
1017
6924
8007
4670
5072
3844
6123
6236
3271
4653
2764
6122
8484
6067
9190
9886
1513
4937
4838
786
1391
5905
3810
4952
3633
3948
9988
2777
3485
2647
8191
8743
9571
6175
7630
4620
10019
3730
5073
3268
8384
2055
3607
1062
2339
2774
5165
3852
7712
4220
8879
3320
4342
6906
2489
7976
832
2454
4970
8557
5101
3138
1494
8890
3530
9124
7727
3527
2832
2778
1012
1193
4833
8859
6495
7172
1610
1637
5242
3539
74
8338
6860
4416
9461
3566
6609
4510
6021
1556
7285
5339
8934
8779
8446
6682
7881
6151
186
690
3146
5438
6123
2196
8514
6835
3585
101
2689
8827
7881
2763
1359
4718
7179
5038
8284
3766
9548
8522
9562
6810
8079
2691
9807
6502
9373
7665
6870
3776
2572
10016
9214
8695
2189
7705
5507
5775
2023
2413
8819
9904
5176
4396
8839
2332
9434
1318
315
3176
9840
4095
9987
2113
6786
9771
2833
6136
1630
9703
9912
4202
9697
3320
7114
6103
5242
6838
1855
7265
9251
4892
1364
4404
9288
180
953
8699
1498
1269
6092
5556
5364
273
1886
6367
4261
4719
2480
5891
4400
6609
70
8314
9929
7184
4394
5148
3999
6250
6630
7467
5359
7994
1848
4624
2392
2802
7540
3890
8311
3609
3663
7892
3883
5550
4236
8144
246
6716
8253
8886
3302
2540
7177
7448
9725
1549
2573
7941
2016
9203
5386
7375
1392
1451
6216
3784
4253
3733
1891
6781
1559
5555
4650
9682
5322
8886
7804
5568
9819
251
8672
7338
2791
5826
4763
6733
1592
1553
4652
7848
4974
4255
5200
6366
9946
5633
4367
8417
9366
6258
5175
5143
6030
4043
4802
1329
7146
6823
1115
6943
7074
9787
8498
9866
9830
7479
6576
1400
3249
5445
9248
8223
3917
8666
8806
3841
4276
3150
2235
7860
3626
7410
2980
9656
5670
7782
5203
2794
4583
6318
3954
1634
6082
6669
1477
5889
4125
2271
1506
7375
7716
732
9815
1611
3615
8599
5452
7891
5966
1904
5728
9592
3531
8708
3443
9202
685
8646
1973
5268
4941
5927
1119
5240
2573
6837
5346
916
9108
6853
2508
1018
1802
2300
2629
5417
876
2298
3285
1060
4202
3231
629
7734
6156
4072
1130
6841
6935
3103
6326
1853
3247
1663
1310
37
8500
6657
5193
1802
3487
7701
2820
9529
10002
9690
4923
5095
6205
2425
6155
4625
9896
6785
6576
6030
5074
7706
2848
1987
786
3392
8080
8273
5055
9391
2527
3532
6025
7721
9574
3729
5399
6611
3235
5378
495
2375
451
6701
9040
6606
1303
8914
7608
2096
4921
6900
9802
1986
8887
4805
5378
1161
3055
4650
529
5582
2399
6554
3280
1950
4500
2897
2779
1952
8275
3274
4327
2943
9975
3345
3767
5495
6476
5592
7591
1374
2469
1587
7600
5573
6392
7196
6735
3664
1823
7264
9247
4223
8036
6744
390
2513
3858
3169
4466
6351
6444
3010
9294
613
572
7278
326
7048
2848
2134
2639
5317
3722
217
868
4331
7413
7603
7996
3453
9084
1437
1893
7097
2398
2284
3828
6257
9693
2511
2585
331
5521
6096
945
6094
3352
5511
7359
417
7645
9999
9974
5584
4433
819
9916
6063
2639
7889
9516
5941
3543
1387
3015
5941
7911
6843
2175
1798
9354
9000
2130
9093
9314
7315
9404
2643
2803
6740
7300
4665
933
7251
227
5366
2288
120
1406
9167
2226
5140
5085
5769
744
8101
5927
2872
9161
2320
4670
2710
1297
1017
1780
588
8332
5401
7471
5352
2118
4748
4235
3052
6217
4462
2635
8505
8822
8282
1866
5265
3399
6952
5251
4143
9270
1155
1232
8408
3475
5902
5335
4773
6920
1332
9601
9469
6733
1267
9039
8852
6015
3251
6121
6449
1930
2973
9171
729
1232
1015
211
8871
7967
5462
7231
7214
6617
8463
9839
70
4343
9392
9083
5480
701
2878
9166
7435
4145
2399
6264
4378
5650
6602
804
1797
9575
9976
2526
5025
968
6977
3873
3152
2416
1082
4583
9034
3762
8639
3321
8105
8008
2381
7802
8710
5259
1163
6122
3622
3562
6603
8000
9213
7422
8804
5227
1191
2974
7754
6216
8182
8948
4307
1311
1342
9629
111
353
3368
8751
3674
5691
953
272
7710
9663
9771
8873
10002
3370
2413
799
1347
5843
8221
4369
1047
9413
7343
3018
9846
5503
1944
4130
1031
3286
3736
1143
7879
1322
4111
5770
7013
5064
259
4700
8945
7
3551
8924
7618
181
9724
