1000
9061
7432
3768
2305
5318
4837
3457
4761
7827
1528
9830
1030
1079
82
5303
9049
7848
8694
1375
4678
4895
8471
6321
3552
3695
5738
3278
8947
1492
7609
6275
4770
5019
4260
1292
4554
9097
4750
3532
6901
495
3339
2148
1574
7661
1669
4841
5486
4580
6216
4382
9475
8905
680
3005
2577
635
500
1501
6367
8109
7776
1115
3105
6254
6647
1876
5328
5614
5408
6447
327
2964
8595
1901
603
4481
959
306
9062
1393
8928
8514
275
9608
5736
7092
221
6236
8593
6588
4323
563
1920
1645
6817
2785
3522
6363
8399
3147
7027
8726
6112
9839
4845
932
4298
21
5478
3337
5654
4384
6068
146
8209
1782
7238
2647
8018
25
3453
6558
589
5373
8204
1623
2375
5943
2203
4992
3307
9230
7935
3636
9047
6997
4568
7562
7019
4264
876
6890
8648
1161
7037
6834
2943
4252
9482
5179
4278
7152
5954
9107
6742
8375
4947
9118
4295
7151
4087
1820
575
1999
5456
9622
3214
2
1378
210
8506
6494
7100
7131
7656
8354
8182
576
2584
1858
9995
1079
9010
5927
4403
5730
4279
9350
4825
2792
6478
3129
4612
1271
9368
45
870
2559
4287
2249
7009
2770
8743
8327
4118
593
6658
2278
5410
3459
8376
5382
8778
7364
5526
3158
7311
4023
2486
6353
6815
3181
9482
5644
4452
3044
9929
9563
9844
4194
6029
1047
1181
8989
3591
9540
9583
227
6035
4970
7926
4388
4569
6682
5969
73
4057
3257
4096
6543
9610
5128
3942
3286
749
8394
548
655
2151
369
9089
8180
5656
4488
1364
9248
4005
924
3692
4257
111
1595
8645
4680
2494
4592
8993
6552
2066
3066
7312
1654
2411
1231
9180
3160
9626
9728
8056
5994
4314
1339
4152
9971
5827
5516
3413
4049
657
7105
8306
768
8700
1146
9688
5412
9978
8659
1941
2021
5942
9253
7915
2571
462
7073
9971
4305
995
8004
276
9550
3561
8668
3715
3605
8401
7128
7655
9058
4210
155
4043
7127
5541
7949
2516
5496
802
8697
1735
961
7928
9650
3532
2607
917
3481
6912
1913
5702
1405
1440
9263
4291
5155
2846
2669
6500
4718
5945
687
9113
4205
2031
4632
2131
4548
4345
2933
7462
6080
8135
5367
5708
1644
2191
6625
5125
3320
2755
805
4726
8435
4285
9017
7807
1348
5903
4284
6066
1825
9211
9397
248
1220
4006
2379
10008
2568
9553
7447
8649
7665
7032
8574
9309
9223
9416
8652
2521
2149
3674
1464
561
2176
4698
8369
3525
578
6870
9591
6644
6059
8965
6892
7279
7188
3488
1481
9757
3018
8928
2600
4900
154
1151
8427
9378
544
7056
6116
6933
4947
7580
1712
7123
2255
4298
625
7073
1145
4434
3694
7204
7616
563
8700
4782
4052
158
8756
1287
3304
5573
6188
3458
6724
4592
7053
1485
5865
3146
8419
789
4943
4348
2129
7198
8646
2755
4249
9791
1406
2160
1190
9022
2724
9890
8021
993
4266
6754
2280
1787
2304
2685
9485
3245
7277
6516
4731
7359
3879
7367
8148
8823
1692
255
215
315
7250
4464
4323
8656
6625
5513
7655
3566
9621
5654
4559
8104
6625
1056
9891
3147
3742
9353
609
5236
63
9580
2573
3943
6924
4938
6983
2833
9433
7198
7388
877
5880
5929
9533
6722
1419
1383
4505
5257
1254
3281
3338
2096
4337
7446
9483
2296
994
70
1750
1057
9650
4323
9240
769
3478
6200
7842
7129
7616
5208
8006
7713
1114
7517
4412
6773
3117
8917
2008
4371
2175
9586
684
729
1227
145
3026
2221
215
4776
7518
4082
3316
6736
4851
1011
7153
2671
8140
8986
2096
6124
6676
7450
7858
5305
4200
952
8439
425
9563
4831
4229
4464
5561
5456
4609
2804
1894
9064
1797
9412
7364
9353
342
2192
341
7496
9103
8482
676
5416
8823
7353
2843
6658
6875
1261
1827
5292
1686
5607
100
132
48
9901
5588
8898
2682
7482
2156
8719
1089
9520
8049
1431
5930
2608
8927
9250
5307
3821
4644
4107
1151
1704
4982
2243
2965
1026
7535
8892
850
7636
9024
5138
1731
8830
4013
4414
506
6170
7350
1595
9907
5377
3027
5814
7985
6171
5042
7509
9992
9686
1593
5360
1367
792
7604
8573
1818
9356
7442
6908
1186
660
2023
2918
9490
254
7332
9997
641
4659
5809
525
4253
3053
6340
6455
9225
1359
3941
3411
5262
9774
2989
846
543
4810
9419
6601
4143
1055
3486
5330
1716
5510
8248
5423
5764
9797
9637
6405
8673
5424
1147
2904
8477
7487
3576
1896
3063
7518
9548
2542
1486
2514
3389
2030
7324
7025
8631
1444
2298
6335
991
8254
6062
9239
3654
1803
9013
3269
2425
1881
2910
3572
4785
5604
5277
2578
7501
8340
4313
7026
860
5800
3757
8489
7830
5298
9731
655
6742
2006
1207
7734
237
7269
1167
8132
9072
4398
1378
5714
6279
4288
9287
5281
9892
4541
7859
1587
7098
2150
2830
2175
7950
804
4881
9997
6102
4590
4869
2822
813
6077
4773
5291
3323
5940
3400
6613
4555
9018
2304
811
7523
5808
6092
1609
4566
3929
7437
1642
296
244
3817
8246
1049
8699
2437
1368
7506
7306
4190
2536
3360
3180
7827
6684
3338
5444
3274
7893
4439
9818
8705
6179
5604
9014
7789
147
2920
5203
1789
3216
9687
9847
5679
4953
2740
8116
6322
4463
5400
4729
6999
2977
2127
4804
9661
5465
4465
7152
7575
3122
6948
474
9301
6769
9489
1284
6916
2386
704
2923
9843
369
6987
9739
9562
9727
7833
78
4167
7450
4808
1143
404
1152
164
4283
6617
4630
5652
8409
7752
6817
8884
1247
3563
8350
2532
4697
4953
3236
7620
9013
7845
4584
8730
1602
8528
757
1680
6912
8207
705
8055
2828
1857
2437
1328
2691
1284
6981
1078
3253
3775
9962
4500
1556
8289
1249
6253
7459
8726
3850
6450
6548
2651
5157
2367
5396
5914
4048
2285
8338
8993
317
5383
828
6994
6712
3519
8278
7910
8837
1508
5902
8776
226
7458
1259
