1000
2
21
25
45
48
63
70
73
78
82
100
111
132
145
146
147
154
155
158
164
210
215
215
221
226
227
237
244
248
254
255
275
276
296
306
315
317
327
341
342
369
369
404
425
462
474
495
500
506
525
543
544
548
561
563
563
575
576
578
589
593
603
609
625
635
641
655
655
657
660
676
680
684
687
704
705
729
749
757
768
769
789
792
802
804
805
811
813
828
846
850
860
870
876
877
917
924
932
952
959
961
991
993
994
995
1011
1026
1030
1047
1049
1055
1056
1057
1078
1079
1079
1089
1114
1115
1143
1145
1146
1147
1151
1151
1152
1161
1167
1181
1186
1190
1207
1220
1227
1231
1247
1249
1254
1259
1261
1271
1284
1284
1287
1292
1328
1339
1348
1359
1364
1367
1368
1375
1378
1378
1383
1393
1405
1406
1419
1431
1440
1444
1464
1481
1485
1486
1492
1501
1508
1528
1556
1574
1587
1593
1595
1595
1602
1609
1623
1642
1644
1645
1654
1669
1680
1686
1692
1704
1712
1716
1731
1735
1750
1782
1787
1789
1797
1803
1818
1820
1825
1827
1857
1858
1876
1881
1894
1896
1901
1913
1920
1941
1999
2006
2008
2021
2023
2030
2031
2066
2096
2096
2127
2129
2131
2148
2149
2150
2151
2156
2160
2175
2175
2176
2191
2192
2203
2221
2243
2249
2255
2278
2280
2285
2296
2298
2304
2304
2305
2367
2375
2379
2386
2411
2425
2437
2437
2486
2494
2514
2516
2521
2532
2536
2542
2559
2568
2571
2573
2577
2578
2584
2600
2607
2608
2647
2651
2669
2671
2682
2685
2691
2724
2740
2755
2755
2770
2785
2792
2804
2822
2828
2830
2833
2843
2846
2904
2910
2918
2920
2923
2933
2943
2964
2965
2977
2989
3005
3018
3026
3027
3044
3053
3063
3066
3105
3117
3122
3129
3146
3147
3147
3158
3160
3180
3181
3214
3216
3236
3245
3253
3257
3269
3274
3278
3281
3286
3304
3307
3316
3320
3323
3337
3338
3338
3339
3360
3389
3400
3411
3413
3453
3457
3458
3459
3478
3481
3486
3488
3519
3522
3525
3532
3532
3552
3561
3563
3566
3572
3576
3591
3605
3636
3654
3674
3692
3694
3695
3715
3742
3757
3768
3775
3817
3821
3850
3879
3929
3941
3942
3943
4005
4006
4013
4023
4043
4048
4049
4052
4057
4082
4087
4096
4107
4118
4143
4152
4167
4190
4194
4200
4205
4210
4229
4249
4252
4253
4257
4260
4264
4266
4278
4279
4283
4284
4285
4287
4288
4291
4295
4298
4298
4305
4313
4314
4323
4323
4323
4337
4345
4348
4371
4382
4384
4388
4398
4403
4412
4414
4434
4439
4452
4463
4464
4464
4465
4481
4488
4500
4505
4541
4548
4554
4555
4559
4566
4568
4569
4580
4584
4590
4592
4592
4609
4612
4630
4632
4644
4659
4678
4680
4697
4698
4718
4726
4729
4731
4750
4761
4770
4773
4776
4782
4785
4804
4808
4810
4825
4831
4837
4841
4845
4851
4869
4881
4895
4900
4938
4943
4947
4947
4953
4953
4970
4982
4992
5019
5042
5125
5128
5138
5155
5157
5179
5203
5208
5236
5257
5262
5277
5281
5291
5292
5298
5303
5305
5307
5318
5328
5330
5360
5367
5373
5377
5382
5383
5396
5400
5408
5410
5412
5416
5423
5424
5444
5456
5456
5465
5478
5486
5496
5510
5513
5516
5526
5541
5561
5573
5588
5604
5604
5607
5614
5644
5652
5654
5654
5656
5679
5702
5708
5714
5730
5736
5738
5764
5800
5808
5809
5814
5827
5865
5880
5902
5903
5914
5927
5929
5930
5940
5942
5943
5945
5954
5969
5994
6029
6035
6059
6062
6066
6068
6077
6080
6092
6102
6112
6116
6124
6170
6171
6179
6188
6200
6216
6236
6253
6254
6275
6279
6321
6322
6335
6340
6353
6363
6367
6405
6447
6450
6455
6478
6494
6500
6516
6543
6548
6552
6558
6588
6601
6613
6617
6625
6625
6625
6644
6647
6658
6658
6676
6682
6684
6712
6722
6724
6736
6742
6742
6754
6769
6773
6815
6817
6817
6834
6870
6875
6890
6892
6901
6908
6912
6912
6916
6924
6933
6948
6981
6983
6987
6994
6997
6999
7009
7019
7025
7026
7027
7032
7037
7053
7056
7073
7073
7092
7098
7100
7105
7123
7127
7128
7129
7131
7151
7152
7152
7153
7188
7198
7198
7204
7238
7250
7269
7277
7279
7306
7311
7312
7324
7332
7350
7353
7359
7364
7364
7367
7388
7432
7437
7442
7446
7447
7450
7450
7458
7459
7462
7482
7487
7496
7501
7506
7509
7517
7518
7518
7523
7535
7562
7575
7580
7604
7609
7616
7616
7620
7636
7655
7655
7656
7661
7665
7713
7734
7752
7776
7789
7807
7827
7827
7830
7833
7842
7845
7848
7858
7859
7893
7910
7915
7926
7928
7935
7949
7950
7985
8004
8006
8018
8021
8049
8055
8056
8104
8109
8116
8132
8135
8140
8148
8180
8182
8204
8207
8209
8246
8248
8254
8278
8289
8306
8327
8338
8340
8350
8354
8369
8375
8376
8394
8399
8401
8409
8419
8427
8435
8439
8471
8477
8482
8489
8506
8514
8528
8573
8574
8593
8595
8631
8645
8646
8648
8649
8652
8656
8659
8668
8673
8694
8697
8699
8700
8700
8705
8719
8726
8726
8730
8743
8756
8776
8778
8823
8823
8830
8837
8884
8892
8898
8905
8917
8927
8928
8928
8947
8965
8986
8989
8993
8993
9010
9013
9013
9014
9017
9018
9022
9024
9047
9049
9058
9061
9062
9064
9072
9089
9097
9103
9107
9113
9118
9180
9211
9223
9225
9230
9239
9240
9248
9250
9253
9263
9287
9301
9309
9350
9353
9353
9356
9368
9378
9397
9412
9416
9419
9433
9475
9482
9482
9483
9485
9489
9490
9520
9533
9540
9548
9550
9553
9562
9563
9563
9580
9583
9586
9591
9608
9610
9621
9622
9626
9637
9650
9650
9661
9686
9687
9688
9727
9728
9731
9739
9757
9774
9791
9797
9818
9830
9839
9843
9844
9847
9890
9891
9892
9901
9907
9929
9962
9971
9971
9978
9992
9995
9997
9997
10008
